111 ¹ 11111.

11111 0111111, 11, ’111 11011111, 11, 111111, A, 1, 151111, 111 11, 11151
11, ⁴⁹3 1111 1111111 11111111, 1, 61. 11111111 impone· 1111 Arctous, Ae, 111
1111111 [11111111111111 11 111111, 11, aux 11111111, 1,1, 31 , 11; 11, 1, 11,
11, 11, 15, 16 ; 11, 16, 65, 66, 1116, 11, 16 ’111 1111111111,1,11, m 111-

1111,36. 11111111111111111111111,11,13;111111-’

11111111,1111111 me'diocre, 0,11. tion 11 11111111, A, 11, 111 m, 51, 11,
11111111,111111111111111, A, 111,11. 611 11, 11, 11,11; 1,15.
111111111. 111. 111111. 1111111111, A, 111,1; 11,11,9, 111
1011101,111111111111 1111111111, A, 111, 111, 11.

353 11,111,11,11; 11 11. . 11111111111,11111111111111111111,
111111 (quatuor), 11111 111111 quanin (11 A, 111, 11 ; 111, 11.

111111,1,11,11. , 1111. 111. 1111111111.
1111111, A, 11, 653 11, 11. 1111111111 (ornaments), A, 1, 111111,
11111111, robe 1111111111, A, ¹1¹2 A. 16, ¹123 11, 16; 111, 16; robe 111111-
111111111 (11111111111111), 1111111,11, 111111, 1, ι, 153 111, 111 1111, A, 111-
-1,96;11,66. 1111 triomphaleu‚xx,'12;u,1,w÷
111111 [Marcus 11111111),111111111,11, 11, 10.

11111 311111, 1. 1110111111,1,11,11;11,11;111,111
111111, 11111111 61111, A, 11, 55. 10, 31. ·
11111111111, 1111111 de 1111111, A, 11, 1111011. 111011.

111 11, 1, 1ος u, 31. 1111111111, A, 1, 2, 111, 11.

11101111 1101111111, chevalier romain, 1110111111, A, 1, 11111,11;1, 1; 11,1.

A. 11, 16, 111111, 11111111 1111111111,Δ,111,11.
111111111111 111111, 1111111, A, 11, 111111, 1,,11, 15.

11; 111,31;11,11. 11111, 11111111 111111,1,11, 55ς111.
'sasantina 111,), neutonam 1111111111, 61111 111111,11,61;111 111 11111111,

,11 ι. .
1111111111 11111111, A, 111,16; 116- 11111111, A, 11, 11,11, 131 11, 11.

111 de 1111111111, 11, 11,65; 111, 16. 1101010111, 1111111111 clines, 111, 55.
1111111111, ville, A, 1111,11; 11, 111, 1111111,11,11.

11. 11111111, 1111111111 11 9111111111, 1,1,
1111111111 1111111111, procuramur, 5111111, 55, 56.

11, 1, 1. 1111111. 111. 111111.

111101 du 111111 1Ε111111111, different , 1001111111· 11111111,11,11.

1111111111 du prinee 11111111,1,11, 1111111111 .111.111.

11;11,1;11111111111111111.1,15; 1111101, dieu 11611111111,0,1.

111, 15, 51 ς 11, 11, 9; 1111,11,11,11 ; 11111111 1111111111), A, 111, 1.

111111 1111111111 (Ermum 1111111111, 1111111. 1111. 1111111111, 11111111,
1111111181 11 11111111, A, 1, 11 ; 111, 11, 1181111131111111111,1111111111,

11, 1, 511 111,15; 11, 11, 11, 11,(11, 11, 11, 11, 10, 11, 15.

11,10;1,11; (1,11;1111· walerio, 1111111 1101111111, 1111111111 161 Ae

11, 11,11; 11, 65 68, 61. Rome,A 11116111, 11; 111, 1.
1111111111, femme (11 111111111,11,11,61, 1111111111, 1111 des 1111111, A, 11, 50.

61;111,11. 111111 1111111111 111η1111111,1,11,11.
1111001111 11111111, 11, 111, 1ος G, 11. 11111111111111(1111111111),1111111111,111ΙΙ
11111111. du 1111111, A, 1, '153 11, 11 ς, 111,; 11, 111 11, 1, 11.

11,11;611111111,1111111111111, 10111011111111, 0,16. ·

11; 1111 113, 11, 11, des 1111111, 1, 1111Ι11111ξῗ1111, 11111111 1111111111,

1111·111 . 1 ·11 .
111111111ξ 1111’111111111 pre'toriennes 11 10101111 ’(111111111111111, 1111111 des

11111111, A, 1 ⁷⁷3 111, 11; 1111, 16; 611111, 1111111111 11111111, 1,111,11,

11,1;11,1111;,111,11,11;1,ι,11; 11. ⁴
’ 611111111111111,11,1,1011111111· 11111111111111111,1111111111111,11,
dats 111 1111111111, A, 1, 1¹1, 11, 16, 1111.

11, ⁵53 11, 1, 11; 11, 11; 1111, 11; 11111111,1111111·111111 1111111111, A,
111,11; 11, 61, 19, 11, 1, 11, 111 111, 111, 1.

61; 11111111 1111111111, A, 1, 1; 11111111 111111. 111. 1111111.

1111111111, A, 1, ¹53 111, 11; 11,11, 1111111 . 111111.

1111181 111, ⁴8, Η, 11,91; 11, 9; 111 181111,11111,.1,111,1.

1111111111 11111111111111, A, 1, 2, 11, 111111, A, 11 6. ’

10,13;111,16. 1111111101,1111111 1111111, A, 11,55.

U

1111111,11111111111 (1111111111 A, 1, 11, 1111111, 0, 11 0, 11.
11, 31, '113 111, 11; 1111, 111 11, 11, 1111111111,11111111,11, 1, 11.
· 11,11,16,11, 11,11; 1, 11. 1111111111 011111111 10111111, 11111111

 

