ΝΜ ANDAA

1111111111111 1151111111111111110- 1111101111, 1111111111 mmmm, 111111
11111,111 111 1111111111 111 1111-
1111111111..11111

’1111111111 11 11111111111111 commen}
1111,ξὲιὶ garg? ι1411111111, A, 111, 11,
111111111111111111 11 guerre 11 111111 1111111111), Η, 11, 11.

1111111, 11· 111 11111111 ln 1111111111 11 vrum, 11111 111 Gaulos, A, xl, 11 11ΙΙ

11111111 11 1111111111 01111111, 15, 11 1

1111111

1111111111 111 11111111 111 1111111111, 111111111111, A, 111 29.

⁴⁴, 11 ⁸⁸. 11111 1 Alexandria, 111 111 11111111 1111111111, 1111111111 romain, A,
mm? Anffiedfforssoffi'hffinnffi unwan, 11111111110111111111,
111 1111111,11,1 1 1111 1111111 111 11· A, 11, 11.

11111111,1,111111111 11111111 11 11111 11111111. 111. 11111111. ¹
1111111111 111111 111111111111111, 1111111111(1111111111,11111111111111-

11 1 ranna 111111111111 1111 prete 111-

tiens, 11, 11, 11, 10.

111111,111 11111 111111 pour 1111111111 1111111111, 1111 11111111 11111111, A,

1111, 111 1111111111 11 111111111111· ·

11, 1.

1111, 511 11 1111111111 111111 1 nome, Vmerus 11111111,111111111111,1111111
511111111111111111111111,111 11 11· Germanicus, A, rr, 15, 111.
1111 1111111111 81111111, 111 1111 11 11111111 11111111 [111111,1111111,11,1, 1, 3

111111111 11 11 Soranus, 11 1111111111

111111

11111111111111111111,11 111111111111 1111111111 11111111111,1111 11 Pomponia

11111111111111111111111111111111,111,
111 11, 11. 1111 aaron 11, 11, 111 111,

1111 Ι. Vipsanius Agrippu, 1111111111
ninere, 1,1,111111,11.

15, A, ιιι, ⁵⁵3 m, 1, 11, 11, ο, 1. 1111111111 0111111, 1111111111, 51.

1111111111. 111. 11111.

1111111111 1111111, A, 1111, 10.

11111,11111111111,1,11, 11, 11 ,11, A, 1111111111 Punuconn 11111111,1111111,

111.

A, 11, 2³, 11.

11111111, A, 11,11,11111,11; 11, 11, 1111111111. 111. 11111111.
1111111111 ,1111111ξ11111111 A, 11, n. 1111111111 1111111111 (carun), 1111111,

1111111111 111111,1 1111111 romain, 11,

11, 11.

ς, nr, 13 proconsul d'Afriqne, 11, 1.

1111111111 1111111111, 11, u, 11,11, 1111111111111111,1111·1111111111111,

19, 311.

11, 111, 111.

111111, 1111111111 1111111, A, 11, 11. 1111111, 0, 1111111.
111111,111111111111111111 A ι 15111, 11111111111111111,11111111, A, 11,

ω111111ᾞ1

35.

11111111111111111,11111111111111111111, Vssmws· Vq. 11111.
A, xv, 31 11,11,11,91; 11, A, 11. 11111111, A, rr, 15.
rmum, officie, mmm, qui 1³⁰¹· 11111111,111111-1111111 retrone, A, 111,

Vrmun 111 1111111111, A, m, 11.
1115161151Ι 1111111, 11111 111 1111111111, A,
1111111, 1111111, A, 11, 11, 11.
11111111, 11111 111 Hermunduros, A, 11,
..1113111111 ¹111, n, n.

11111111 (carus), A, 11, 110.

111111 currus, 11111 11 secundus, A,

40.

111111111111111111111, chevalier rnrnnin;

r'ngre 1111111 111 caules, A, 1, 101 11,
111 accuso Pinnn, 11, 111 111, 10. 11,111
1111111, 191 111111,ν, 11 vr 11.

1111111111 1011111111,1111111 11111·

1111, 1111111111, 1,11,11.

1111111111 1111111111,111111111111111111,

11111 desentire, 1111 11 1111111111,
1,111,11, 1111111111, 11, 11 ; xr,
1,1,1,11,111111,1,11;111,111

111,11;11,11, 101 11,11,11; 0,1. 1, 0, 111.
111111 11111111, 1,11,11,111;11,511 1111111111 (Aulus , 1111 11 1111111111,

nccuse', 11, 111 111111 11 syrie, 11, 10.

1111111 1111111111, chevalier 11111111,
111111 11 1111111111, A, xrv 10.

1111111 sinimur, 1111111111 11 1111111111
1111111111 11, nme, 10.

vnmlws, fflidfl‘, A! 1, Ὦ, 2⁸, Ὧι

1111111111. 111. 1111111.

1110111111, 11111111, A, ¹111, 28.

vmmnmm

vrcrrrrnn, A, xv, 111 1111111111, 11. 11
1111111111 1 111111 1111111111, 11, 11, 11
nur 11111 Arnen, 1,111,1; 11111111-
ger 11 1111111, ιν, 10.

1111111131, 111111, 11 111111, A, 111, 111

1111111111, consu, A, 11111 sn 1111-
resse, xlv, 111 1111111111 pour 1111111
11111111 111 1111111111,11,1, A, 111 111111
1111111111, 111, 51 ; 11 qu'il 1111 A 11 11·
11111151,6 ι111131 ; {moin 11111 1111111ἱ111
111, 1111 11111 ξ ‘Omna’ 1111111εὲοαῖ
111111111111111,11, 111 111 11111111
1111111111 11 11111111 111 11111110·
11111,11, 11, 151 11 11 11111 1111111111
,1111 1111111, 1111111111 1 1111511
11111111111 111 1111111111,101111-
11111 111 111111 1111111111,1“111“1.,·11
1111111 1111111111 11 1111111111, 11,
011 11111111 111 1111111111 11111111-

 

