11111111. um

1111111111, 111 1111111111 111ιηῖ1 numus (Anniusmendre 11 1111111,

. 111111111111,61;1111111111111111111 1,11,11.

1111 1111111191111111111111111111111- 1011111111, munusue 11111111111181111-
11111111 1111111111, 10; son admiration 111191, 11, 1, 19.
pour 111111, 111 11 1111111111 Rome, 10111111,1111111111111111111111111111),
81ς1111111111111 11111 11111, 111111· 11, 1. 11.
1111111111111111111111, 11, 91, ⁹⁵3 101111111111, 1,11,111;11,11, 111111
prend 11 11111 1111111111, 19, 90 ς ap- 11111111, 111, 111 (1111111111, A, 11, 111
prend 111111111111111111111 1111 11· Flaminiam, 111, 9; 1111, 11; 11,11,
coum, 11, 91ς 1111111 111111 111111- 11; 111, 19, 111; 1101111, Α, 11, 11; de
111111,99;111,11,11; son 1111111111, 1111111, xum rosthumia, 11, 111, 2¹3
31111, 19ς 111111111111111111, 51, 61; 811111, 15 ς 8111111111, 111, 11.
1111 1111111111 passages de l'Apennin‚ 1011111111, 11, 11, 15.
11η 111111 parm 1111111111, 11;11 1111 11111111,1111111ιι 1·11111111,1,1111,19.
appeler 111111, 111111 daemon (11 111 10111111. 111. 1111111.
11111111, 11, 82, 191 11111111 1111 1111- 1010111111·’, 11111111111111, 1111111111-
viu· 8111111,115; 11 1111111111, 111, 11 3 111 11,1,111, 11,11,59; 1111, 9, 11,
uespertinum 11111111 11111 1111111111 311 11111111, 5,1, 10, 12, 19, 11,
ceux de 1111111111, 111; 111 comparent 11; 11,1,1(1; 11, 11.
du (11111111, 11, 11 1111111111 1111111111 11111111, 111111’111111,1,11,11.
111111111111111111,10; 1111111111 1011111111. 111110111111. w
1111111111111111111111 18133111’111111“1111ῗ1.;...,1,
11111111 11111 111, 111 1111111111,1ο1 111, 19.
1111111111, 11,1,11,11; 11, 111, 111 111, 10111111 summus 1011111111, 1111-
110, 11,19, 51, 61, 111; ton 111111 11ιὸ 1111,Λ,1111,15, 59; 111, 18, 11.
purorum de 11111111 11, 8ος modeim· 1011011 1311111111111111111, roi 1111
11111111 11111 8111111111111111111111 111111111, 11, 1, 2, 1, 1, 11, 51, 1111
· 11111111,11,11;1111111111111111111· 11, 11.

11110, 11. ¹ 111111 11, 111111111111,1, 111, 11.
1111111111 1111111),11111111’1111111111, 11111111, 1,11,11.

111 13883 u, 5⁴; 111, 81, 111,55,18,11; 1111111141. 111. Amicus, 11111111·

v, . 1111 1111111111.
1111111111 summus, 111111 1111- 11111111111111111, Λ, 11. 11.

8⁵0⁰· Η. 11 ⁸²· 11111111,11111 1111111111 (nolum), 1,
11111,1111111111111111111,1,11,11. 11,1.

X

1111111111, 0, 11. 11111111,111111111111111111,1,111,11.

Ζ

mom, 1111111 11111111111, 111, zenon, 11111 do 81111, 1,111, 11.
111. Ι, ¹ 11111111,11111118111111111,1,111,11,
11113111811111111111, 111 1111111111, 11. ,

111 11 111111,

 

